4472610.3
4472612.3
4472599.3
4472619.3
4472590.3
4472591.3
4472194.3
4472195.3
4472766.3
4472808.3
4472589.3
4472593.3
4472771.3
4472774.3
4472668.3
4472677.3
4472651.3
4472655.3
4472644.3
4472646.3
4472158.3
4472159.3
4472466.3
4472467.3
4472164.3
4472165.3
4472362.3
4472363.3
4472091.3
4472092.3
4472093.3
4472094.3
4472564.3
4472565.3
4472566.3
4472574.3
4472576.3
4473351.3
4473433.3
4478597.3
4478598.3
4472376.3
4472377.3
4472223.3
4472250.3
4472251.3
4473084.3
4478441.3
4472995.3
4472996.3
4472453.3
4473012.3
4473023.3
4472924.3
4472926.3
4472882.3
4472883.3
4472664.3
4472680.3
4472394.3
4472395.3
4473048.3
4478429.3
4472595.3
4472602.3
4473551.3
4478590.3
4472629.3
4472654.3
4472701.3
4473498.3
4472412.3
4472413.3
4473089.3
4478442.3
4472472.3
4472473.3
4473156.3
4473157.3
4473008.3
4473009.3
4472596.3
4472600.3
4472943.3
4472945.3
4473380.3
4473436.3
4472142.3
4472143.3
4472300.3
4472301.3
4472346.3
4472347.3
4472190.3
4472191.3
4472356.3
4472357.3
4472336.3
4472337.3
4472128.3
4472129.3
4473403.3
4478529.3
4473717.3
4472661.3
4472666.3
4472386.3
4472387.3
4473383.3
4478539.3
4473423.3
4478552.3
4472116.3
4472117.3
4473014.3
4478416.3
4472270.3
4473541.3
4473542.3
4473614.3
4473615.3
4473618.3
4478611.3
4473393.3
4478543.3
4473675.3
4473714.3
4478631.3
4472598.3
4472613.3
4473059.3
4473247.3
4473248.3
4478432.3
4472550.3
4472551.3
4473402.3
4478546.3
4472583.3
4473301.3
4472672.3
4472675.3
4472478.3
4472479.3
4472614.3
4472616.3
4472264.3
4472265.3
4472482.3
4472483.3
4472124.3
4472125.3
4472997.3
4472998.3
4473362.3
4478533.3
4472559.3
4472581.3
4472095.3
4472096.3
4472097.3
4472098.3
4472567.3
4472568.3
4472569.3
4472573.3
4472578.3
4472631.3
4472641.3
4473611.3
4473624.3
4473626.3
4478610.3
4478613.3
4478614.3
4472934.3
4472935.3
4472132.3
4472133.3
4472275.3
4472276.3
4473326.3
4478522.3
4472099.3
4472102.3
4472103.3
4472105.3
4472570.3
4472571.3
4472572.3
4472577.3
4472579.3
4473612.3
4473617.3
4473621.3
4473623.3
4472676.3
4472896.3
4472899.3
4472198.3
4472199.3
4472411.3
4473681.3
4478633.3
4472408.3
4472470.3
4472471.3
4473041.3
4473042.3
4478426.3
4473584.3
4478604.3
4472634.3
4472636.3
4472360.3
4472361.3
4472430.3
4473683.3
4473684.3
4473317.3
4473366.3
4473021.3
4473026.3
4473574.3
4473575.3
4472425.3
4472627.3
4472645.3
4473693.3
4473699.3
